141 1110. 111

11 11111 11111, 11 11 1111111 111111, 11111111 1111 1111111111, 1 11111 111111 11 1111 11 11 1111111111.
111111111111111111111111 1111 11 que 11 1111 1111111111 loy 111 11 11111111 111111 1111111111
11111111111“)111111111111,11111111111111111111 11111111 sterile: 31111 11111 1111111114) 111111
1111111 111111. 21. 01 11111111111111111111111 impossible 1 Dion. 38. El Μ1111 1111 Voioy 11
2111111111111111111111111111 11111111111111111 servante 11 81111111, 11⁶⁶) 111 1111 1111 11111 11
Temple. 22. 111 quant 11 1111111111 11111111 1111111. 1111111111 111111 11111. 3110111
1111111111. homst) 11111111111111 11111111 1111111111,1111111111111,111’111111111111111111
111111111111 1111111111. 111111 111111111111 11“)111111111,11111111111111111,“) 41111
11111111 111 1111111 11 11111111 muel. 23. 111 11111111111111111Ζ1111111111111111111111111.
{llll} 1111111. lllllllllffill. 66:616. 11111111111111111111111111111
ἰ3111 111111.““ 111 1111131111 11¹1 111 :61166611 1111. (111311 111111ιέ1.ἒὲ
{¹2⁸1} 11 ι11111111 11 11111 11111115111111 regardo, 111 11111111 11 1111111 111 11 fruit 11 111111111.
gglllliltoentgrsiflgsnmeoffgss 111111111111111181111 0111111181 1111111111 11111ῗὲ 11111111 108311. (al lvziomleirlloolleligllll
11 111111, 11 111 11111 11 (1111111, laquelle 11111 1111111111 11 11 1111111111 111 11111111 11111
nom 1111111111ε 27. 1 111 vierge, enpouqee⁸²l 1 11111111,1111111111111111111 11111111 mon 111111.
1111111111111111111111111111, 1111 1111111 11 10111111111111171) qui aorou': 111111111111
1111·111511111111111111· 111111 316513‘ 1111111111.111111111111111
11 1111, 111111 11 1111154) 11 81111111 111 1111 11 seigneur. 4111 111111111111111111111111111 ,
toy: 111151111111111111111111111. 29. 0155) mon 111111. 48. 011111111111111111111111
1111111111 l'eul 111, 1111111 11111111 111111) Ι1111 11 11 1111171811. Voiqy, 111111 11111111111, 111111
111111111111111111 llllll‘lll 111“’““11”.1.“1.11““11111111)411111
11111 11 1111111 111111 devant ’1)111. 31. genly, 111115119111111111 111111111. 50. El 1181111111-
11 1111111111 11 111111111, 11 1111111111 111111, 11111 ,111 11 ἕ111111111Ι 111111111111111111111
111111111111 1111111111111. 3211111111111, 11 1111111111. 1. 11111111111111117511111111111111
11111111111111.1111111111 11.111111111111111113111
4 . . , .
11111111111111111111 11, 11111.11.111.,ζ3.“.11111 lt
1111 11111111 ’1111111111 1111) 11111 1111111111111111111111
respondam, luy dit: Le 111111 Ε111111111111111 corde: 55.111111111111111111111111,111111111-
32 utrm t0⁸1³)lal Θ111ἑ1ἰδί {la 83111318 ιξοηὲΐδῖἒέῒ. sel& 1111”)1111)1111111, 11111111111111111111111111.”)

1111111 111111 1111111. 3111111111, 1111111111]

1111111. ¹ :⁴3101.5.l.

6
2) 1111 51 59. 11 luy 55. 11161. 1. 111162. ἓξ ἓξὲεἱόἥυ.
ῖῑῗῗὲψ :llll-s·
’11110111111111 6 111. 1111154. 11. ἔξ) 111 celle 61. 1.
3111011111κέ 324 Μ’ · ”l 1111111111111811 55. 61. 1.
⁸⁸) 11111 61. 1. ⁷³) 1111 11111 61. 1.
⁶⁴) qm 11 11111 gr. 55. qui 11 111111 11 gr. 61. 1. ⁷⁴) 11 11111 61. ,1.
⁸⁵} 11 61. s. τι)1)1111 1111111111 51. 11.

:l 11111515541111ῲο ⁸⁸ :l 1181111611.Ι ⁸ll 1 1111111 111 1111155.
⁶⁸ 111111111161. 1. . π)1)111161. 1.

111 1 18. 71111111 61. 1.
ω)1111. 1. ⁸⁰) 11111661. 1.

⁸¹ 1111 515111. ⁸¹) 11111111154. 55. 59. 1111111611.
ω11111 6l. 1. ⁸²) 11 111111111111111 55. 61. 1111111161. 1.

11111111....111111111111111.1 1111111111. , ,

 

