89 MARO. 90

0101100111 1011010000011000101011000 001011000· 00111) 10100001 00011. 16, Et 100 8011100 01 Ρ10-
010. 5. 10000111)100001111001100, 1111100 1101000100000001110100000110100100Ρο0001001
001011110000 1111011)100000101100011001100001.11) 00010 10 1110010100 110 11000001 1000 1100101001
611111) 000010 100 8011100 0010000111 00010, 01 Pourquoy mange il 01 10110100 100 11000010 0111)
0000001οο111) 00 10010 0000101 7. (1010000111) 0001ογ 1001111001οῬ 11. Et 10000 000010010010, 10011110
sy 0011011) 11 01001, blasphemant? Qui 001 00 qui 0001 quiunt 00010, 0’001 000 1011011) 10 1110100101
0001 00110000111) 100 0001100, 01000 11100 seul? Ι mais 0001 qui sont 1001010011) (10110 00 0010000
8. Et insonuissent 00011) 10000 001 000000 00111) 100011) 00001101100100100,10010100 00010010, 110·
000 100110011100000100111)0100100001 mosmos, 00010000. 18. Or 100 1100101οο 1010100 01 100 Ρ10·

1111) 10011110 Pourquoy 00000011) 1000 000 010000 1101000100000000110000001100000111)1100, 01 “
00 100 0000101 9. 100001001010010011011) 101110 luy disent: Pourquoy 10000001 1001100101001010-
00 0010101100οτ 200 000100 100001 001100001111) 1100 0110οΡ101101000, 01100110110100 0010000001
00 1011101 10010101, 010100011) 100110101010- point? 19. Et 10000 1001 1111 (1001 qui sont 100
mins? 10. 011 10 000 1000 000100 qus 10 fils 00000011) 00010011111000001, 011001ῗο0 100000111)
10 11010100 0 0010111111) 00 1011) 10110 10 pardon- 0010100 oux? 1101001 10 temps 00100011000001
001100000100,1111100001010110001 11.Ιο 10 dy 0100 eux, ils 00 00010011000001. 20. Mais 100 10010
1010 toy, 01 0100011) 100 1101, 01 100 10 00 10 1001- 110011001 000 1000001 1001 0010 oste: 0101000 110
000. 12. Ε11000011000111) 001010, 0100001 0110011) 1000001001ου 0001001011. 21. Ε111) 001 00 00001
1011) list, il 001111 10100111) 1000, 1011010001 00111 00001000101100 0001010000011)100 11011100-
0010000111) 1000 00100001, 01010111000010100, di· 10010011 0011001001 10 0100011) 000110 0010011010
00001 Nous 00 10100100 1010010 10110 01000. 13. Ε1 11011011)0100101101000100101001001011) 22. Ε111)
(1010010111) 0’00 0110101010 mer: 01 1001 10000010 001 00 1001 10 110 0001000 001 10111111) visux:
100011 s luy, 01 100 0000100011. 1111111) 10000 0011001001 10110 0001000 1011101100 101110, 0110
0000001,101110111011)110111010000010001100 110 01000001, 01 100 101110 001100001111) 11010 10 110 ,
10 penge, 01 luy dit: Suy moy. 10000100 1010, 0001000 101100110011000 101110 00011. 23. Ε101·
01 10 001111. 15. Ε1011101 00010011) 001001 0001011) 1101 comme il 0000011 00 1001011) 10 8011010011011)
110110 00 10 maison 1100100,01001001010110101011) 100 11010, 000 110010100 00 0100110001 00 011011001
01 0001001011) 0100011011 00001 t 10 1011011) 0100 1001100101 100 000100. 24. 1111) 100 Ρ101101000 luy

10000 01 000 1100101001 001 ily 00 01011 1000000 11οζ00111) liegarde, pourquoy 1001111 0010010

10 0110111) 00 qui n'sst 000110110111) 25. Ε111)
111001 dit: Ns 10001001000 100101οο0 000111101ἰά

10010101011610. quand il 001 1100000110, 01 qu'il 001 ssim, luy 01

-ι--...

¹³) 11οη 1· 1111111111· 1· 0001 qui 00101001 0100 10 P 26. 0 00101111) somme ·

ζ ffisffif· il 00110 00 10 maison 10 10000 temps d’Abisshsr

¹⁸ or 54. ss. · . 0110010016001110010011 0111100000 100 00100 10 010- -

11) 1100101001 61. 0. ¹ -- --s
ζ) giotwfiuoy 411 61. 0. 11) 00010001161. 0.

0 1110010000 54. 55. 59. 0100000011 011. ⁴⁸) gens, 59.
61. . 11) 100010 61. 0.

’11 1011101110 11. 0. 111001 0101 61. 0.

11 Issus 0 001 61. 0. , 11 000161. 0.

11) 10 54. 55. 61. 0. 00 59. ⁴⁷ 10101001. . . . 11100161. 0.

¹⁸) il 00110 61. 0. 11)100 110 10 1000001 51. 55. 59. 100 gons 10 000100
11) “ 0100100010101100 011610. 61. 0. ι Ι ⁹

11) 010 61. 0. 11) 10 mans 61. 0. (11010 foss).

11010100 61. 0. 11100001 61. 0.

²⁷ 01000100 61. 0. 11 110 0001001610.

11 0011061. 0. 1110 000010100011 mis 0001 10001000 61. 0.
11) 1001ος 0001010 61. 0. 11 1100 61. s.

1101010161. 0. 11 1010010010 00 0010110 61. 0.

11) 000 54. 10. > 11 0111001001 61. 0.

⁸²) 01¹ 11 0100011οο1061. 0. 11 010 (0001001159. 01 1010000οι 61. 0.
ww. .”..10010101. 0. 311131011111.

11101010000001001101161. 0. · 11 00101161. 0.
11 10 omns 61. s. 11 01000 61. 0.

10100 61. 0. ⁰¹ 11100161. 0.
11 0001110011. 11 00 00110110 61. 0.
11 0000010 54. 00. 11) 10101110 61. 0.

2: gons· 10 1000101οο 110 54. 00. 11) 10010 61. 0. ι
00001 110 10110 00110 11. 0. 11) 1, 101011 omns 61. 0. 0001100162.

 

