or ' κ aureonno aroanna. . 666

1 iurene 666616616611) 6616 116 n’ou 1661 66161 ¹ Ρ66111166 066166161661 6616116166161611 Voua
6161616661616616611611 1661. 10. laura ie dy: 66111 116116 16 166616166 11666611)1166616 61 666
Quom», que &ray-1⁰? 111 16 66166661 66 dit: oondamne‘l 26. 6666111) 16 1166166161 66116616.
16161616116616 a Damae: 61 11 16 6616 111 11 6166 6116 66 1166116166 6661 16116161, dieunt:
661 66 qu'il 16 166116 16116. 11. 111 666166 666 16 11666116 666 16 aaa 16116. 06166611666661661
:51:511101‘111alell: 1111111111 ' 11111111611111111111111
16 66 666666616, 61 1166 a Damae.. 12. 6111) dil: Ouy. 26. Ε1 16 06611666 rospondit: I’ay
inanius, un homme 66166661Βί66 aelon la 1661, 666616 66616 bourgeoisie 6 61661 66666 d'ar 661.
1166116666166666 16 1666 16616116 661166661· 111Ρ661 dit: Et 661 16 16 6616 16 66111116. 29. 61·
11661 11, 1161 1 661. 16. 111 661661 166611) 66 quoy 16666116661 6666 661 16 16161661 66661661,
litt Saul, 11616, 1661611611) 111 a 66616 maome 66 1611161661 16 161. 111 16 1166116166 euasi 661
16616 16 166611611616 161. 14. 11111 dit: Le Dieu 6161616 66661 11 6666661116 qu’il estoit Romain,⁸⁷)
16 666 66166 1’6 161661611666611) 66616666616116 61 qu'il l’avoit 116. 30. 116 166166616, 1661661
61616616, 61 16611 16 16616, 616611 16161616 661611 1611) 6611616 6661 666116 66666 11 661611
1611666116. 111. 061 tu 161 aerae 16666166 661616 666666166 6116, 16 166116 166 11666, 6166666616

666 hommes 166 6116666 666 16 66 166 61661. 66616611)66ο11116616616 616666661666661 61 166116 ·

16.1116616166661666161166·161 Leve 161616616 6666611 61 66666 Ρ661 61 16 61111) 161661 eux.
1661166, 61 161611) 166 6661166 66 16166666116 Ν66 .

16 86166661. 17. 11111) 611161 666 66661 16 166 011661116ΧΧ111.

6166166 66 Ierusalem, 61 6116 6 66 Τ66616, 16 166 1111 Paul· 1666116611) 1616 16 0666611 111;
’611 66 66166166661, 18. 61161611 661 66 1166111 Η66666 116166, 161666161661) 66 16616 bonne oon·

16616 161, 61 6616 16616166661 16 Ierusalem: 661 6616666 161661 Dion inequ‘uuiourd’huy.³) 2. 1111) “

16 66 166611661 66161 16 16666166666 666161661 16 6116616611) 666116661661 Ananias 66666616 6
16666166 16 661. 19. 111 16 111 6616666616 6666 661661616616166161611616 116666166116
avent 66616 6611616 66 prison, 61 1161161611) 661 1166166. 3. 116661) Paul 161 dit: Dieu 1611666616,
ea 166666166611) 6666 66161616166166161. 20. El 66161 blanohie: que tu eoie⁷) 66616 6661 66 16661
{nand 16 6666 1116116666, 166 1666616611) 161 66166 16 huy, 61 666 666116 16 Loy tu oommandea
1666616, i’y 661616 66661 presentet 6666666166 6661666161166661 4. 6116666 66166161661616-
la 6611, 61 6611616 166 166166666 16 6666661 16 6666 ditent: Iniuriae 16 16 6116616611) 666111661661
1161161661 1 6611. 61.1666611;161ὀο,66 16111661 6.Ε1Ρ661111;6161661666661616666
6 1661616161 16166 666 Gentilz. 22. 0111666666- qu'il 1661 6116616611) Saorilioateur: 061116616661111
61661 1666611 66 mol: 61666 116 6616161661 16616 ’116 66 66611166 point 16 Ρ11666 16 166 666616.
ruia, dianna: Oete 1616 1611666161,11)ο6111 n’eet 6. El Paul aaohant qu’une 661116 661611 166 Sad-
166 116116 qu’il vive. 26. 111 66666 116 61161661 a , 1661666 61166116 166 Ρ1161161666, 11 a’aaoria au Ooo-
1611161616, 61661161661166116 16616 166166666, 61 eall: Hommea 116166, 16 6616 Pharieien, 1116 16 .
61161661 16 666116 66 l’air, 4. 16 1166116166 oom- Phorieien. Ie 6616 666666 66611’666616666 61 6661
66616661111661666666161611616666,616116666 161)11666666116616666116. l. 91166661 11661
16111 1661 6666166 661 16661611) alin qu’il 66661 1116616,116666116616166666666116166Ρ1161161666
1661 666116 66666 116 61161661 61661 666116 161. 618611661666, 61166611116161)1611111666. 6. 061
15. 111 6666111) 116 1661661 66116116 16 1166611) 166 8611661666 116661 qu'il n’y 66616116 116661-

11) 61116166 61. aa. 31)1166166616 16 R. 61. 61.

66) 564886ᾱὲ61 66 83, ἓξ) 6661666666 6616616 61.

”l lello un certain 61. 66. · ⁴⁰) 111 106111 11· 11·

¹⁴) luy 661661 616666148. 6166 16 661 61. 66. ⁴¹) 666161. 61.

¹⁵) 16661 16166661. 62. 16666116 la 1. 621. ⁴¹) 166 6116616666 S. 54. aa.

ἓ) 6166116666 61. 61. ⁴³) 11111111 61· 11·

”l 81166831] 6514 8838 ⁸ ¹) 616611661666116666661. ae.
2) ‘⁰⁰⁰th 615'488‘„ 111116111168166161 aa
ar}1⁸1ffi3⁸gf⁸„ ’ 1)6164. 69. 6166661166.
naualia. ¹ 111111·
11)161666161.11. 7)Τ666. . . 61666116 . . 46.
ιο) (1668861868 51, 35, ι ⁸) 6116616661. aa·

³⁸) 66666166 61. 16. ¹ ⁹) 1066666116 161 16661116 61. 61.

23·

 

