61 MA'PTHIEU. 68

611611,11661110616166611)11161606611. Β61611116111166 point, non seulement 6616 ferez 661611)
661166166 6616161166 nom 11 66161661. 061616 1111 661161,1161666661616666111666666161661·
66116 tren henin lieux. 10. Et quand il 11161116 tegno: Oete 166, 6116 16116 61 16 mer: 116616 1611.
61 611661611,161161661161616611616,1166611 Qui 22. 11 166166 6116666 666 vene 161611616611) 61
661666166 661 11. Et 16 666616116 1166111 0661 ο161661,66616166,11)661616111611166. 261111)
1661611) 16 Prophete de Nazareth en 0611166. 6611116 il 1616616 66 Temple, 16611)6661166616616
12. 1161611) 16616 61116 66 111661616 16 0161, 61 61166 6161616 16 666616 61111611 6116, 6661111)
1611611) hore 1666 eeux 66166116661166 1116116161 11 6166161611, 611116111 De 666116 6111161116 1616 16
6116166166166 161166 166 6116166616, 61 166 6116616611) 666 61166661 11661 66166116 661 t’n 16116 66616
16 6661611 661166611 16666116111166,11) 1611 atterite? 24.166161666611611,1611111; 166666
1661 dit: 11 661 eeerit: Me 1161611 6616 66661166 11161166661666666116166611) 66611) 61 6616116
1161661 1161611661, maie 6616 116666 1611611) 616 1611) 11166, 16 6616 1116 66661 16 616116 61161116
,6666116 16 61166116. tt 1111 166 66666166 61 16 1616 666 6116666. 2. 116 1166166116 16 Iehen
11616666111161161166111611666111166666111. 166 661611-1111 16 6161, 61 166 ommes? Or ile
15. Mein quand loe prinoipeux Snerifieeteure, 61 66166661111) 61 enxmeemee, 1166161 26. Si 1666
166 Scribee 661161111) 166 merveillee qu’il 66611 1611, dinone, dn 6161, 11 1666 diro: Pourquoy dono n’evee
61166 611616 611616 6611611616, 61116616 061616 6666 66111 6166 6 1661 11 61 1616 disens, 166
6611)ἒ 616 16 David: 116 61 161611 1111616611) hommes, 1616 oreignone 16 6666161161 661 1616

16.

111611161110661666666661166116611 116116111611616661Ρ16611616 21. 111611616-

11166661661111106611) Ne leustee 6616 16116161 6661111611616666,116616;Ν66616666666. 11
Tu 66 6611111111) 16 1166166 1611) 16 11666116 166 1111) 1611 dit: 1616666616 61111 61661 16 666116
611616 61 6116161616111) 11. 11 166 1616661611) 66 61161116 16 166 666 6116666. 28. Mein que vene
66111111) 16161616611666116’61611616116166116, 6111)66111)161 111 homme 66611 deux 616. 11
61 66 legen 16. 18. 1111) 16 116111 6611116 11 re· 66161166 premier, 11 dit: Mon 1116,6611)66166111166
1661661161 16 6116,11)1161116111. 1611666611 beeon 16111) 61 116 vigne. 2611166116166661·
61 1166161661 661611 616611) 16 ohemin, il vint,⁴¹) 16111111 16 116 venx point 61161. Μ616 66166 66
61 116 116666 1161 66611) 166 16611166 seulement, repentent,⁶¹) 6 6116. 30. Ρ616 6111 6 1166116, 61
61116 dit: Qne⁴⁸)'iemeie 6166 16 166 16 vienne 16611166116166161161111) 1166661 respondit et dit:
fruit: 111166111161116 6661616616116. 2611166 8616166616 666. 11111) 116 6116 66111. 31. 166661
116616166 66661611) 6616, o’eemerveillerent, diseno: 16611)1611611666111161166161 116116 disent?
0611111611 661 16 fignier ineentinent 166661 666. Le premier. 16666 1661 dit: 1666661661 661116,
21. 11 16616 1666611611, 1611 dit: 16 66161661 666 166 1666616 61166 6611161166 1161111) 166611
661116, 6111) 6666 6661 1166, 61 66611) 6666 66 6666 66 16666116 16 Dien. 32. 061 leiren eet

’111651 on. 6616 6 6666 661 16 voye de 1661166, 6111) 616661

2.) 1⁰1 qui es 3 48. 61. ι 66111 6166 6 inf: 11616 166 Ρ666616 611666611161166

2 66661166 616659, ont 616111) 6 16. 1161611) 6666, 66661611) 6616,
6 ,1.
Z) 3611861161. , 11) 11611166116661161 111111161862.
11 166 pignone 61. 1. 11 61 6166611 61.
²⁷) en 1666 161161. 6. 11 61611 14. 15, 69. 6611 66611 61. 1. (166611 et).
31111111111111161 ⁸· 11111611· ’
³⁰ 16 54. ee. 11 1’61611166661.1.
1161111111· 31 1111111 11· 5·
11) necem li 61. 6. 11) 1166116 611 61. e.
11) 661 of 11. 11) 61161 ,56 59. 61616 61. e.
³³) 16 6611 661 1611611 61. e. 11) 166 66661 61. 6.
11) 66111161666161. 6. 11) 61 6161661. 6.
11 661111 61. 1. 11) t’en 61. 1.
11 onie 61. 6162. ⁸¹ 6166661616 61. 6116661616 62.
11 61116616. 11 6166161116661661. 6.
11)6111661. 6. 11 16 116616 61. e.
⁴¹) o'y 6116666161. 6. 11 16161162.
⁴¹ 6116161. 6. 11 16 666 61. 6.
11 666 16 166 16 161666 1. 61. - 616 plue 16 natm 11 661154. ee.
666111. 62. -1616616661156 5616-61611611 14. ee. ⁶⁷) 6616 16 116661 66111 6166 62.
11 66616 66161. 6. 11) l’ont creu 62.
tt

6611666666 venen 6166 61. 6. 11) 6164. 65. 59. 61 61. 6.
11) ne 66666 66111 61 6616 l. 1. 11) 66616 666 61. 66166 66611666 62.

 

