616 ’ 6116116116 lmAN. 616 ·

6666616 66161. Peru) 6666 66666166666 66661116- 66666 dit: 1666611166, 61661111) 11661 666 11616,
611166 661116 6116661116611661. 1. 116661161611) 116616661661. Oet 661 n’eyme point 666 11616
1111106666 rignel'mdtrget (riter ο61611116681661(16611611 111611616181166611111111111111111666161661161661118166611111ἔ
11166. 61161 11116616 66161, 11 66 6666611 {eine 6616661 66 166 66666166 661 66616 11166, qu‘il
, 111666611116666161161116. 9. En 6616 661666616611) 66616 66661 666 11616,

16 61161116 66 11166 6611) 6666 66611166 6 666666 ‚

6661116 661666 66 616666, 1116 666 6666 6161666 0116111111· ’

661166. 10. En 6666 661 16 charite: neu 66161 1. Quicenque 61611 666 16666 66116 1111116611
6661166111) 666 6666 66666 66616· 11166, mein 666166 661 666 6611166. 111 661666666 66166 celuy qui 61)
66116666 6 cyme 61 6 666666 6661116 6661661116 66666616, 11 66166 66661 66166 661 661666 66 166.
1111111111111111116,1111111..1 111111.111.,11111.“..11.1.1111111
111111111111111111·11111161111111111111 111111111111111111111111111111111ζῖ
6666, 6166 61161116 661 6611611611) 66 6666. 1611611) 61 666 commendemens 66666166161611611. 4.(161
6666 66666166666 6666 666 6666 666661666 66 166 166166 qui 661 666 6611166 6616661616 monde,
61166 66 6666, 66616611) 6611 6666 6 66666 66 61 66616 661 16 61616116 661 6611666161) 16 1666661
6661166111. 111111161111661111616111111616- 666611, 6661161166. 6. Qui 66166166 661 661166616
6666 666 16 Ρ616666666616111111)666666166 16166666, 61666 celuy qui 61611 666 Iecur 661 16
166666. 16. Quicunque 6661666616 666 16666 66116 mu de Dieu? 6. Oeetuy eet⁷) 16666 Christ, qui
1111666 11166, 11166 domeure 66 166 61166 6611166. 661 6666 6616666 61 6616666, 666 666 6661616661
16. Et 6666 66666 66666 61 6166 16 61161116 666 661 6666, meis 661 6666 61 661 6666. 1116661
111666 6611) 6666. 166 661 charite, 61 661 66· 11166111 661 66 1666161666, 666 666 11166111 661 161)
166616 66 61161116, 11 domeure en 11166 6111166 66 661116. 1. 061 116 66 6 11616 661 (1666661 166
166. 11. 116 6666 661 6611611611) 6116111611) 666611) 1116166666 66 6161, 16 Ρ616, 16 11616116, 61 16 661661
6666, d. 116 6666666111) 6666666611) 66 1661 66 1166111, 61 666 11616 6661 66. 8. 116661 66 6 611
1666611161, 66611) comme 166166 661, 6166111) 66161666 11616 6616666661 16666166666661616116,1)1Ἐ66111,
6666 66 66 616666. 18. Oreinte³¹) 6’661 puceu 16666 61 16 6666 61 666 11616 cent un: 9. Si 6666
61161116, 6161611) 66116116 61161116 1661 11616 16 616161611) 1666666611) 16 16666166666 666 hommes, le 166·

66111) 6161616 6 peine. 0111ὂ 661 616161, 11 n'eet moignege de 11166 661 6166 61666. 0111) centur
161661161166 61161116. 19. 66616661666666611) 6611616666166666661116666’116166166166611)66
’661661 666 166 premier 6666 6 cyme. 20. Si 66611111. 10. Qui 6161166 11111 66 1116611) 116 ·

16 16666166666 66 11166 66 6661666166. Qui ue

61611 6616166 11166, 11 16 init mentem: 661 11 6’6

’1611111 66161 6166 66 166661666666661116661661661666

“ ffl-

¹⁴ mee 5166611661 61. 60. ec (6166 orric 620).
ῘῘ)6“1111616061.561101111616666·.66.

66 6661116. 11. m 666166 66111) 161666616666611)

n curere 61. 61.

:r 1666 u·

²⁰ decemplicem.

¹¹ 66161. 61.

¹² ur ce 66116 61. 66. 1
11 ’66666 61. 61.

‘⁸ 6661 66116 61. 66.

11 66661661. 66.

11) 16 currite 61 66.

11) 666616 61. 66.
16666661161661661.666611666662163.
”rumunnense 61.

’ t
:i 1166666166 61. e.
⁴⁰) lequel 11 66 661161. 61. 66. ·

Ξ) 16 61. 66.
“ 116661116666154. c’eet 66 16. 66616 661 51-62.
1111111111..
. , 116661166616114486160. 66. 'c’eet 66 59.
³⁰) 666 6666 66616166 ,6. 6. 61. 161 6611 66154. 51. 66. 61. ¹ ⁸) le 61116 e . 60.
³¹) 6666 commen 66661 69. 1)6666661161. 66.
⁸⁸) 11 6’6 6 61. 66 6661 eu le 611. 61. 66. ¹⁰) 6166666 48.
11) 6166 16 61. 66. ¹¹) 61 emec 48. 6661661 666 c'eet ci 51. 60. 661 c'eei
⁸⁴) 616666 dehere ln 666161. cc . . . . lequel 61. 61.
⁸⁵) 6661661 666 16 6161616 he 1616166157. 60. 661 16 6661 11) 1666666666 51
61. 61. 62. (peine 62 ⁸. 63). ¹³) de 11166 661651. 60.
11) 61 celuy qui 6 6. 6661 61. 6666111611 61. 66. . ¹⁴) 66661 61. 66.
⁸²) 6666 61616 621. 63. Ι 16666661166664. 16.

 

