Ι

71 ΜΑΤΕΗΙΕΕ. ’12

1111111111 11) 11111 11111] qui 1’1 rien. 11111111) 1111)1111’11111111111111.111111111111111111
11 qu 11 11111111 1111. 30. Et 11111111) 11 11111- ρϊ1111,1111111111111111ι1116 4411111111ιί 11111)
11111·1111111111111111111111.11)111111)11111 11]111)111(11111,(11111118111111111111111111
1111 11 1111111111 (11 (11111. 31. Or quand 11 1111111111111, 111111, 11 ostnngor, 11 1111, 11
1111 (11111111111111411 1111) 11 111111111111 11111111, 11 11111 1111111, 1111) 11 111111 point 1111
111 1111111 An geu 1111 luy: 1411111) 1111111111 1111111111) 45. Lora 11 1111 1111111111, disant. Ε1
11 111111 (118 11 11111111 ,11) 32. Ε1 1’·1111111111 11111111111141, 11111111111111111111111111
111111) devant luy 111111 1111111111 111 11111111 1 111 (11 111 plus petis 11111) 11111111)1’1111
111 111 (11111) 111111, 1111111 11111111111)111111 point 1111 11111 1111111) 4681111111] iront
111 1111111111 11111. 33.Ε11111)ι111111111111111 11 11111111 1111111,11111 111 1111111111111 111
11111) (111111 11111 1111111 1111) 11111111. 34. 11111 1111111111.
111111111111111111111111111111111.111111 ·

ι 111 1111111 (11 1111Ρ111,11111(1111111)Ε1)11111 (111111111 XXVI·
(111111111111)11111111(111111111161111 11111181 111111 quand 11111 111 111111 111111
35. (111· 1⁹⁸5 11 11111, 11 vous 111111 (11111 1 11111111111,1)11(11111111111111111 1111111111
1111111111) 11 1111,11111111’1111(11111111111; 11111111) (1111 11111 la 111111116 (11 Fasque 11
111111 1111111111, 11 1111 111111 111111111111) 1111,111)111’111(111111111111111111)111111111
36. ’1111)1111, 111111 1111111111111111111 1111166. 311111111111111111111111)811161111111,
11111111, 111111 111111 111111111111111111111,1111811111,111111111111111111111,1111111111
11111111111 1111111111. 3116111111 111111 (11 1111111111 santificatum, qui 1111111) 1111116
luy 11111161111, 111111· 8111,11)1ι111(11’11111 1111 (11111114.Ε1111(111111111111,1111))11111111111
1111111111111,111’11111111111 11 111111111, 11 111 11111111111 Ι1111,11 11 mottroyent 1 mort.
1111111111161111111 3811111111 t'avons 1111 5111111116111111111111111111111611)1111111,
111 111111311, 11 111111 recueilly? 11 1111, 11 (11 pour qu1l 111111111111111)1111111111111
1111111 vestu? 39. 01 quand t'avons 1111 111 6.Ε11111111111111111111Β1111111, 11 111111111
malado, ou 11 prison, 1111111111 11111 111111) toy? (1181111111111111,1.Π111111111111111)111γ,
4111 11 Roy 1111116111, 1111 (1111111111 dy 1111111111) 111 111111 111ξ11111111111111111111,
11 111111, 11111111111111111111111 (11111) 11111’)1111111(111111(11111111111,11111111)
1111 1111111111 111111111111111),11)1111111 111111 11111. 11) 8. Ε1 111 1111111111 111111 1111,
1111111111. 4111111111) (1111 11111 1111111111· 111111 111111111111) (111111. A quoy 1111 11111
111111111111111111111111, (11111111 1111111111) 111111111111) 9. (111 1111 1111111111 1111) 111111
111111111111,1111111111111111111111111111 11111 11111 1111111111 11111 (11116111 pom.
113114101111111 11111, 11 vous 11 111111 10. Ε1 11111 111111111111111,1111(1111Ρ11 11)·
point (1111111111111111111 111111111111 (111111111111111111111111111111111 (1111111
11111111161111111111143.(’1111111111111111111111111111111111 111).11.11)111111111

1111) 11 111111 point 11111111). 1111111111) 111,
11)11 111111 11111111 61.1. 111111616111101181018)
1111111· 11111
11)111111 5469. (1161111161 1. 11 1111111161. 1.
11)(...111111645962 11)11161..1
11))117111618. 11)1ι11)1111“111.61 1.
11)(1111161.1.1)1111 11111111161. 1.
11) )111111 1111111111 611. 1) (111111 61. 1.

11)(1111111161.1.((11111(111).1)11161. 1.
⁴⁶)berg 11611. 1)(1111611

11)11111111 61. 1. 1))1111111111 64. 11. (panant).

11) 1161. 1. 1 qui estoit 1111162.

⁴⁴ 11 64. 69. 11. )(11111113111 11111 ..... 111111 mettre 61 1.
⁴⁴ 11111 1111611. 1)(11111161. 1.

11 11111 1.1. 1)1111111161. 1.

⁴¹) 11111 48. (11 11 1111111111) ¹⁰) estoit 11111 61. 1.
ιι) ειιιιιιι 11. ι. (ι. 11). Ι ιιιιιιιι 11 ι
1111... 1111111·.·11······
1 2)(11111111111111161.111)(111111161.1.
57)1γ10111181.1.61181 ssggdegizstssfilsf

11)1’·1111111111161.1.(1111(111).. )111111111111111111164.11. -

 

