23 1111111119. 24

terite 666 16616166. 9.1111)1666666666611111166,11) 6116666, 66166 66611 66 seigneur 1 16611) 6111)
661166 homme 66166111)6661666 1166 166666611) 66661166, 1166611 6616666611) 616 6116 661 61661-
nomme 1161111166, 61 1661111 866 moy. 1111 ee tenent 1166666666, meis vien, 6161616 16 61616 661
1666, 61 16 666611. 10. Ε1616161 666 6666111) 611611) 61 6116 61616. 19. Et 16666 66 166661 16
16666 661611 66616 6 table en 16 1661666 1166166, 666611, 61666 116616166. 29.]11161666661661616,11)
16166 6661111) plusieurs Peegere 61 66116611) 1661 laquelle 66611 6616 16666 666 1661616 161166 16
616666, 6111) 6’6661166111)66661666661666116616166. sang, 66111) 6161 661 16111616, 6116661616 bord 16
111111) les Pherieiene voyene nole, 111661 1. 666 666 6661661661. 21. (1616116 11661166 666 61666161
1166161661 Ρ6616666 mange vostre 16616116 6666166 Si tent seulement ie 1666116 666 6661616661, 16 66166
Peegere et gene de 616666166 616111) 12. Μ61611) 666116. 22. 11111) 16666 66 1616616661, 6116 66666111)
1666616666661,11) 1111 (1661 661 6661 66166 6’661 dit: 91116666 bon contege, 16 166 116 666666. 111
66161 beeoing de medeein: 61616 6661 661 6661 me· 16666616666161111)1616616161616666611) 23. Et
16166. 1311166166611) 61666166666666661116 66661 16666 616111) 66 16 61616661666166661,11)
6661 611661166116, 61 666 666 6661111661 (16116 66 61 661111) 166 1161661611) 61 16 616111161611) 6166661
661666161 666666661161 166166166, 61616166 66666616 11161611) 11 1661 1111 24. 11611166 66661 661 16
61666616666. 14. Lore 61611661 le luy 166 die· 6116116 61661 666 166116, 61616 61161611. 111 ile 66

, 616166 16 161166, 1166661 Ρ6616666 6666 61 166 Ρ116- 6166666661 16166. 26. 1116666116616111161611)

116166616666666 6666 6661661, 61 166116616166 ne 1611616611) 11616, 11 entre et 6666166611)16 61616
16666661 6661 15. Ε1 16666 1661 1111 Ceux 661 11661161 61 le fillette ee 1666. 26. Et 66616 re·
6661 166 66666611) 6666661 116 616616111) 6661661 6616616611) 666161 661 166166 6616 11. 21. 1116666111)
666 1166666611) 66166666661 11616166 16616 vien· Ι6666 66 661111 16 le, deux 6666616616666611661
11661 666 11666666 1661 6616 oete: 61 6161611) 116 611666 611166661 Filz de David, 666 61116 16 none:
ieueneront. 16. 16661 persone ne 1661 666 piene 28. Ε1 166 661661 166611) 66 16 6161666, 16611)
16 1166 666111) 6166666 1 66 6161116616166611661 66666166 61611661 6 luy, 6111) 1666611) 1661 1111
16 6166611) 61666116161111) 16 6661616661, 6116 1661- 016666 6666666 16 666611) 16 6661 161161 11611)
6616 66 6616116116. 11. Ρ61611166166166666161 161116661106686166661. 291166611166611616616
666 16 116 6666666 6611) 16111611) 116661 6611661661 6666. disent: Il 6666 6611 1611 66166 166116 1166.
1661161116 66 16166661, 61616 66 1666661,11)61 166 30. Et 16616 6666 161661666616. let 16666 1661
herile 66666166111) Mein 66 166116616 6666666 1666611111) 1166611 (16116611) 666 6616666 66 16
66 barile 66616, 61 l'un et l’entre 6661 666661666 666116. 31. Μ616 666 661666 661116 1611661 666111 16
666616111611) 18. 0111) 6661616 11 1661 116611 666 166661166611) 66 1661 66 6666 11. 32. Et 66661

11)61666611“161. 6.
, ¹²) 6611 61. 1. 11) lequel . . . 161661 166 61. 6.
¹⁸) 66116 61. 6. ⁴¹ 661 6616611661. 6.
61661661 mete 6161. Σ) 166ΙΙΙ 30611.u eh· do mg de m . 61. a
11) 11161ἣῶ4354. 61. 11) {lui 61616616. p Η
1: 1111111611 1111111111. ..
¹⁰ qui 661666611616666 54. ee. 17) 66 ee 6166616 1661116161. 6. .
1111161116 61. s. ⁴⁸) 16111166 61. e.
11) 6666 666666 54. 55. 59. 66 666 166666 61. 1. 11) 1616666 61. 1.
11)6161 - 611666 61. 1. 11 16116154. 55. 59. 1666611616.
31611111 11661661 61. 1. ΞΞ111116111Π111116 1661. 6,.
ῘῘ) lllhnlull lllpl'ux 16 55. 16. 16 gene 66 6 nenne 6) {llll 656165115ῗῖ memnon ω’ ⁸'
denarie 61. e. . Τ) 161166 62.
ll 1111111. 11. 11.... en. ’1111 ,
¹⁹) 1616 62. 11) 61661 666 54.. 55. 59. comme 1. 6666611 outre 61. 1.
³⁰) 666166 (n'eepee emie) 61. 6. 11) 6616 quand 1l 1616616161. 6.
⁸¹) 66 661 eet 6111 6661 16616111 61. 6. ⁶⁰ 666 62.
11161666116 . . . . 66154 61. 2: 6166666616594.. 66.
:ll &tuga 6111666666 61. e. (66116611. 11166666111661. 1.
:l 66οῦ 66116511 :el 11) 11οέ6131116πὲῃῶθὲ
³⁷) eneemble 6666 61. e. ⁸⁸) 611111 911111 61· 1·
. 11) 61 61. 6. 11) ’166166 61. e.

⁵⁷ 6 bruil en 61. e.

 

