50⁰ EPI'PRE AUX cohossmNs. 510

188 8888 888888, 8118811888 88 seigneur en¹²) 888188 188818888 88811888 881 8888 grace: 8118 888 88818188
88888. 11. 111 quelque ohoso 888 8888 1881888811 nommant 111) 1881 888888188 1. 88 81188888. 1. wi·
888 8888118 88888 888888, 181188 188188 nom 18 8111888, 888188 818881) 18888 81 11818 ministro, 81
888188 Sei nour 18888, 8881888 888888 888 luy 1 888811888 8888 moy 88 seignour, vous 1888888818
1118811) 18 1888. 16188811)1888888888888881181188 181) 18818888 88181. 61188881 188 envoy& 8888
1888888818, 81881 qu'il appartient 88188 18 seigneur. vous 888888888881, 868 quem) 88888188188 888188
1111888 888818, 888888 888 femmas, 818888888”) 88181, 81 qu'il 8888818 888 888888, 9. onsembless)
point 888888 888888 81188. 20. 1888 881888, 818818- 888808881888,1881”) 81 1118888888 18888, 881881
888188811) 88888 81 meros 88 188188 81188888 888 188 vostros: ilz¹⁸) 8888 81888118881 18 188188188
8818 881 8888811811) 88 seignour. 21. 1888 88888, 818888811881881881188. 10.11818188888, 881881
81881188 point 888 8818888 8118 88118 88 ³0²⁸) 188- 8818888188 8888 moy, 8888 88188, 8111888 18 888818
1111111111ῗέ. 11111111..1111111111 11111111,1111161116’1111111161
18811, commo 8881888 818188 818 hommes, 81818 88 881 88881818818, 18888818 8811 18 18 018888818188.
8188118111 18 88888, 8881881888 11188. 23. Et 8881- (1888·11888188881888817) 81181888813) 8811888888
888818888888888188188, 1811881818 8888888, 18 Dion: 18888818 818818816 88 888188. 121188·
nomme 88 8188888, 81888 comme 8881888888, 811888, 881 881 188 8881888, 888811888 18018181, 8888
24. 88811888 888 8888 88888888 18 88188888 18 guer- 88188, 1818111881”) 188818888 8888 8888 88 8881888811)
188 18 1118811888, 888 8888 888888 88 88188888 8118 888188888188 88818118 81888888118 88 18818
Christ. 1811118881 1811181881818881,11”)8888888 18 8818811 181)188. 111088 18188 donnon) 188·
88 881188881811 18188188881, 81 n'y 8 88181888· 88188888 qu'il 8 grand 8818 8888 8888, 81 8888”)
poem) (18 88888888. 8888 881 888188 Laodicea, 818888 8888 881 8881
‚ 88 Η18888818 111188 18818818 bion 88888 8888
0111111110 IV· 88188 81 1188888. 15. 681888 188188888 881 888188
1. 18881) 88181888, 888188’)88 <tui 88118818 81 18811868, 81 Nympho, 81 11181188 881 881 88 88
18 888811 devoir 1 888 8888118888 888 888 888 8888 8881888. 16. Et 88881 88818 11818188 8888 8816 1888
8888 88881 88 88188888 88 8181. 2. Ρ888888888 88 (18 8888, 181188 818118 8811 888811888 88 1181188
11111’.11113111611166111111 111 1101111111 11 1111111 1131111111.
88888 118818 18 18 8888118, 8888 888188881) 18 888881 garde 181818181881188 888 18 88 888888 88 88188888,
1180188181 (8888188881 88881 18 8818116,’) 4. 8118 81188881818888888118888. 18. La 8818181188 den)
guo 1818 8888118818 88888811 1881 888 18 88818. 888 88818Ρ881. 1888 8888888888 18 8888 11888.
> .0188881888888888818886888888188811818· Ian 8881888811 8888 8888. Amen.
11888, 8888888888’)18188888. 6. 188188 88881188111

¹¹ 68 66 ’, 66, ’) 11 8888 1881 61. 88.

’1188818811Ι 81 Ρ888 61. 88. , 318011111166161· ⁸⁸·

111 ssmvoffinspssmesst‘. ’11888 888861. u. ¹⁰ qu’ff' 11881811 de vostro 8181 14. 88.
¹⁸) 888 omis 61, n, , · ²¹ 8888811818 omn 61. 88.

” 81818881 46, 46, 64, 66, 61, η, ” nostre 1888161. 88.

” 1 61. .
· ἐξὲἷθῖῑξξζιίοᾯη 61 88 ἔξ1 ἒέἱίῗῑῒᾱῗζρῑῗὲῑ (1111511. 68111

·) 0888881881 18181 88 ch. 3 1888188 editione 46. 18. ἒ1111808’8111181118111111.511860188161. 88.
¹) 188188 1888181888111 8 62 ‘. 63. ”) 8881818888 67. 60. 88.
’) 88888, 88811888 88 888118 61. 88. 3) 1888188681816ὲ8. rim 62 n 63
1118188818· 1. ··
ἰ) 888888 888818 1811888 61. 88. 3) 1888 888861’. 63.
)8881881888 61. 88 >ent 18 61. 88

 

