229 . 1111111. 230

1111111111)11’111111111111111,1111111111111111111· tondamus: 11111) 11 1’1 11111 1111 111 Nom du 1111
nume 11 11111. 4. 1111111111 1111 dit: 01111111 1111111) 11 Dieu. 19. 01· 11111 11111) 11 tondam-
1111 11111111 1111111, quand il 1111111111 Ρ111-11- 111111, 1111111111111111111111111111, 11111
11111111 111111 au 111111111111111, 1111111111 1111111111 111111 11111 111 11111111 que 11 11-
5111111111111111 1111111111, 11 111111 11 1111, 111111111111 que⁸²) 11111 1111111 111111111111-
11111111111)111111111111111111111111,111)11 11111111) 20. 01111111111111111111111 1111111111,
pout 111111· 11 1111111111 1111111. 6. 01111111 1111111 11111111, 11 11 vient 111111111111111, 11
111 11111111. 111 1111111 1111 qui 111 111 11 11111111, 1111 que 1111111111 11 111111 11111111111) 21. 11111
1111111111. 1.111111111111111111 point, quoio 1111 11111 qui 111111) 111111, vient 1 1111111111, tfin
1111 111111 saut 11111 111111111111. 8. Le vent 1111111111111 111111111111111111, d'autant 11111-
111111111111111111111111111111)111111111 111 1111 111111111111 Dieu. 22. Apros 111 1111111
111111111111)11111,1111111111. 1111111111111 1111111111111)1111)11111111,11) 11111111111)11
111111111111111111 1111111111. 9.Ν1111111111- 111111 11 1111111111 11 1111 eux, 11 1111111111.
spondit, 11 111 dit: comment 11 11111111111111 11111 11111111 pres 11 811111, 1111111111) qu’il 1
10. 11111 111111111,11111111; 111111 Μ11111111) 1111111 1111111 1111111, 1111 1111111111) 11 11·
11111111,1111111111111111111)11111111111 11. 111 1111111 11111111, 24.1111111111’111111111111111
111111111111111,111111,1111111 1111111111) 11 1111 mis 111 prison. 250111111111)11111111111
111 1111 111111 11 tesmoignons 11 1111111111) 11101111111111)11111111111111Ι1111,111111)11
11111111111111111111111111111111111111111111. 1111111111. 2611111) 11111111 11 lehun, 11 111
12. Si 11 vous 11 111 11111) 1111111 1111111111, 11 ditent: 11111111, 11111 qui 1111111111 111 outre 11
111111)1111111111111111111111111111111111111 1111111, 11111111111111111111111111, 11111, il
11 vous, dy 11111) 1111111 111111111 13. 1111111) 1111111,111111111111111111. 21111111111111-
persone 11111 monte 11 1111, 1111111) 11 1111111 111, 11 dit: L'homme 11 peut 11111111 1111111
1’111111111,11111111111111111111, 11111111111111) 111111, 1’11 11 111 111 1111111) 111111. 2191111
11 1111. 14. 11111)1111111 111111 111111 11 serpent 1111111111) 11111 1111111111, 111111 dit: 11 11 suis
11111111, 111111111111111 11111111) 11111911111 11111 11 Christ, 11111 11 suis 111111 devant luy.
11111111111111111111 15. t fin que quieonque 11111 29. 01111 qui 1 1111111111) 111 1111111, mais
11111, 111111111111111 11111 111 view) 111111111. 11111 11 1111111111, 11111) 1111111111 11111, 111111·
1601111111111111111111111111,11’11111111 11111, 111 11111 11111111) pour 11 voix de 1111-
11111111 11111111) 11111111111111111111111111, poux. 1111111) 11111 1111111 1111 111 1111111111.
111 perisse: 1111111) 111 11111) emmone. 17. 011 3011 1111 1111111111) 1111111, 11111 moy que 11
11111 11’1 pta-envoy& 1119111 11 monde, 1111 111· 1111 111111111. 31011111111111111 1111111111,
1111111111111111111111111111111111111111111111 11111111111111111. celuy qui 111 1111 11 11111,
111111. 18. (1111111111111,1111)11 111111) point 111 1111111, 11 11111 1111) terre: Coluy qui est
1111111111 11111111 1111111 point, 1111) 11111111

⁴) 1111111 55. 111111111611. 11)1’11111111155.
1111111111 . 11 1111111111· ⁸³·
111111111111881. Ι ⁸ - 1 31)11155. 1111111161. 1. ’
1)111111’111111161.1. 81)11111111111161.1. (1. 20).

1) il (toutefois) 61. 1. Ι Ι ζ) dmm? (111. 8e.
{1111131111 ⁸· 1111111111·

ι1) 111111 54. 59. 11. 111 11111111 55.

12) 11111 gons 55. Ξῖ) 1ιέιι1ῐῖὲ11ἑ1ἐ111 61. 1.

³. .
111 1111111111 55. 61. 1. 1111 111111 1111111 111111 11 b. 54. 59. 11. 111 11.
1·) vous 111111 54. 11. 1111 55,
¹²) 111 11111155. 61, 1. ⁸¹) 11 1 111 une q. 111111 54. 59. 11.
¹⁸) 111 61. ⁴¹) entre 111 1. . . . 1155.
11) 11111 qui . . . ,11 s. 55. 61. 1. (1 1111111111 1. 61. 1.). ⁴³) touchant 55.

’1111111155 61. 1. ⁴⁴) dont ils 61. 1.
’1)1161. s. ι 11 1111111 55.

11)111111111111. 55. 1111111111-1161. 1. ⁴⁶ (11111111 omis) m’estos 55.

2) 1111111111 1611111 1111161. 1.
t ..1111

11)1111 unique 55.
111 1111115514 11. , ¹
’1)11 111111 (11111111) 55. 61. 1. ⁶¹) qu’il 11. 1111111161. 1. ⁸

¹⁸) 111155. , , 11) 11 11 terre 54. 11. 1111111111 11111. 62.

15*

’1)1111154. 55611. l *1)11 1111111....1111111161.1. (et 1111111111 lm'n).

 

