263 ΙΕΔΝ. 264

666 6666 66 61611166τὶ66. 116166,11)16 6166666611) 6611 661666111) Qui 661 1611) Fila de l'homme?
66666166. 20. 1166611) 11 6 66611666666 Greaa de 355¹) laeua (1666 1666 6111 1166666 6666 66 66111 66
6666 661 66166661 6166166 pour 666166 6 16 116616. 161666 16 16611616 661 6666 6666. (1116611666 166616
21. laeux 666611) 61661661 la Philippa, 661 661611 666 6666 6666 16 1661161611) 666 16616661666 66
da Bethsaida da (1611166, 61 16 6616666611) 6166661 6666 66661666661. 11111) 661 chemino en 16661666,
8616666666666661666611) 6661616666. 22. Ρ11111666 11 66 6611 au 1166. 36. Taedia 6666666 6666 16
61661 61 16 611 a 666661 61 66666661 Andre 61 lumiara, 616666 66 16 16611616, 6 116 6666666 66666
Ρ1111166616 616661 alaeue. 23. Ε116666 1666 ree· 111611) 66 16161666. Oea 6116666 611 1666611) 6616
pendit, disant: 1111666666166666666161111666 666 6116, 61 66 666116 d'aux. 31.Ε1666111166 6611
l’homma 6611 6611611) 61611116. 24116 666116, 66 6661 1611 1661 66 signes 666661 eux, 116 66 66666661
666116, 16 6666 66, 61 16 66616 66 11616661, 61666111) 666 66166, 38. 6 116 666 16 6616116 d'leeie 16
66 16 16616, 66 166661, 2511 domeure eeul, 61616 Propheta lut aeaomplie, laquelle 11 6 dita: seigneur,
a’il meurt, il apperte beaueop da fruit. Qui 66616 661 6 6166 6 666166 6616116111) 61 6 qui eat⁷⁷)
66 616, 11 16 666616. Et 661 11661 66 616 66 66 666616 1611166 66861666611 39. Ρ6661661666ο66-
manda, il 16 6616616 66 1611) 616 616166116. 26. Si 6661116 616166, 66111) 6666666116616 6111 40.116
66666 ma 6611, 66111 616666666111) 61 16 orl 16 66666111 16666 66116, 6166666166166166661,6116
6616,11)6166 6616116666 6616 66661. Etsi 66666 661116 66 666661 666 your, 61 66111611) 6661666661
me 6661, 6166 Ρ616 l'honnorere: 27. 116161666616666 66 66661, 61 661116 66 666661 666666116. 6166616
6616 661 11661166. Et qua 61666-161 Ρ666, 66666 166 66661666. 41. Cea 6116666 611 1661611) 6666611
1666 66 66616 heure: 61616 6666 66616 6666611) auia-ie 6611 16 gleire d’iaaluy, 61 66616 66 166. 42. Teutas
6666 66 66616 116616. 28. Ρ666 616116616611661. 1616 61661666611) 666 6116616666 66666661 66 1661
Lora una 6616 616166 6161, dieunt: Ia 166 61661116, 61616116 66 16 6661666661111 66161, 6 66666 666Ρ116-
616616666111) le glorifiaray. 29. Ο611)16166666611) 1161666, 66 6666 611116 66 1666661 161166 hora da 16
661 16 661611, 6111) 166611 666, 616611 6666661611 Synagogue: 43. aar 116 661 61116 66616 16 616166 666
16666666 661 66611 66161611. Lea 661666 6166611611 66616166 666 16 616166 66 Dieu. 44 1166616666
116 Ange 6 66616 6 166. 30.16666666666611616111 aeraria, 61 6111 66166611 en 6166, 1111) 66 66611 666
(leste 6616 61661 666 66666 6666 6166, 66616-6661 66 1666, 61616 66 66166 661 6116 666666. 45. Et
6666. 311161616666166116 16666166166661666661 6616166611, 11661166166661 6666661166. 4616
16616166661 16 661666 66 aa monde 6666 16116 de· 661611) 1616611616, 661 6616 6666 66 menda. 6116
1166611) 32. 111 6166, 61 166616 66166611) 66 16 16166, 666 6616611666 61611 66 1666 66 66616666 6616166
16 1166666 166611) 6 61666166616. 33. 016616 616611 tenebrae. 4111161 66616661 maa 66661166, 6166
11, 6166111661 66 666116 61611 11 666611 6166111. 34116 1666161166161, 16 66161666 661611 666 16 66 6616
66661611) 166 6666666111 Ν666 66666 666 6611) 16 66161 6666 6 116666 16166611) 16 616666, maiae
1166666 160161616661661661666611661661,616661· 116 666 16 6666611) 16 munda. 48. (16166 661 ma
6166111) dia-tu: 1111) 1661 666 1611116 de l¹homme ι6616116, 611166 666611 66161 meafparollaal, ⁸ll ,6 661
-- 1111.. 111 uu: 11111..) 111111

⁴⁶) 1661 55.

ἪΜΜΜ6 ,

23) 1111166611ῗεῖ mit'ss ω’ ε’
z} 6616616618 55. 61.

{3 11111αρ56611 66161166 66 1 55.

Ι 11) 661666 61. a. ·
)16 omia 61. 6.
1
1
1

ἭωΜη
11) adone 61. a.
⁷²) 6116 511.
111661. . . (1166116) 61. a.
111 ἳξιῖίαἰῗεοὸῗὴ. 55
111“11111.61ὀι16 um 6 s, 1 qui eu 6 r. 66.
111 {affligem-'alsslffiae 1616).
> - 11161116...
111 m 'gg 0n10vp 61, 3, 1 111 1161111 ι6365151. ί111666 16161666 61. 6.
ζ) hommes u moy 61. a. l ζ) 1011116656 61· ⁸·

)161661116 55. 16 166666 61. 6. , >pour 66666611. 6.
aa) p„ 61, 3, Ξ 11) 666166, aare 66116 661 61. a.
87) donc 61· ⁸· 1 ⁸⁷) vouss 62.
166616 51, 3, 11) 66 666 61. 6.

3) ma 66666 61. 6.
111 {my 61116 111. 6.
11) 16 62.

1;) 6161. 6.

 

