' 255 lllAN. 256

y 116116 661 61116616, 111) 661 111161 61 6116611.161166(16166161616116166661. 1111666166 mande·

2. 1111) 611 61116 661 116166, 1166116 6161611 (166 ment de 1161 Ρ616 19. 6661611) (1166616161 111
brebie: 3. Le portier luy ouvre‚⁵) 61 166 616616 11116 (16166661 61116166 11111, 661166614) 66161166.
oyent 611611. 111 16661161) 666 6166166 616616 6611) 2011111)611616116611116611 dieeyent: 11616
1611, 61 166 116161) 6616. 4. 111 quand 113) 6 mie (111616616616116 (1166161 66616166166661161 vous?
6616 666 6166166111) 616616, 11 16 (161611 61166, 61166 211166 autres dieoyent: 066 66161166 16 6611 666
616616 16 6111611, 611 61166 66616166611 ea 1611. (11111) 611 16137) 16 diablo: 16116616 661111 ouvrir
5. ,111 66 61611611 666 11 661111661, maie e'en· 166 yeux (166 616661661 22. 0111) 11 16616 de 16
1161611 de luy, 661 61166 16 66616166611 6611111 066166666661611 611 Ierusalem, 61 66161113) 66161.
voix (166 6611616616. 6. 0611) proverbe leur dit 23.11116616666161116161111)611161161661661666
166161161611116666161161166611)6’661111611 (16 Salomon. 24.Ι166Ι1111661616111161161611,
(116611. ’1.11116616(161666611611611111)Ε1 verite, 61 luy dirent: 11661116161611616111661166116
en verite ie 1616 dy, 616 16 6116 161661) dee brebie. 61 1161616111) si 11 66 16 061161, dy le 1616
611616 161111) 611 6611 16116 (161611 moy, 6611 116166611611. 251661616111666616111 16161616
1611616 61 61166161, maie 166 brebie ne 166 611 666 ay dit, 61 161631) 16 16 616661 666. Lea 6611166
611. 9. 16 6116 1616611) 6111611611166611166, que ie lay 61 Nem (161111Ρ616, 1611161113) 166-
11 6616 66116, 11 6111616, 61 6611116, 61 11611616 (16161666 (16 moy. 26. Μ616 1616 16 616661 616;
pestere. 10. 116 161161 16 vient 61161 6611 dee· 66114) 1616 1116166 666 (16 mee brebie, 6611116 16
16661, 61 1161, 61 (166111616. 1661161611 1 111 1616 6611)(1111 21.11)Μ66 brebie oyent 1161611,
61161166 66611 116, 61 qu’ellee en ayent¹⁶) 6116 abon- 61 16 166 6661661 61661 61166 116 6161611, 28. 6116
1161111611. 11. 16 6116 16 661 Ρ661611, Le 661 1611 (16116 116 616116116, 61 16 66111611 iamaie:
Paeteur 1161 66 116 6611666 brebie. 1211111616 61661 111 16166161116 (1611611611. 29. 6161 Ρ616
1616611116, 61 66116 611 1’661 66111 11161611 (1 611 611 166 11111) (1611666, 6616116 grand 616 leue: 6111)
61666 61.’1.1611111 le. 661 1166111161 6616.
61666611 66 616616. 13. 111161161661611611) 6111111 166 11111 6111111611 (166 6161166,11)6611161661(161.
661166 6111 661 1616616116, 61 16 luy 6611111) (166 32. 16616 1611166661611143) 16 1616 ay 1161611643)
616616. 1616661616661Ρ161611,611661661166 61161611611)661166661116611) (161161 Pere: pour
616616, 61 6116 666161 (166 11161166, 15061116 1161611611161116641)16116166116161 3616116111 ,
mon Ρ616 116 6661611, 61161 66616616 1161Ρ616 61 luy reepoedirent‚ dieane: Neue ne 16 lapideae 666
metz 116 116 6611 mee 616616. 16. I'ay 61661 6611 66116 66111611) (16166611 blaspheme: 6141)
(1111116 brebie qui ne 6611 66111 (16 66616 66166116, 6611111141) 616 toy, 611 66 66111613) 16 faie 161·
11 me 166 1611616616116161, 61 61166611611116 1111, ---,--

,6166161611616 116 66166116 61 11 Ρ161611. 11. Ρ611 ζ) ¹¹ Υ 1111 ‘¹⁰⁰⁰ 55. ,
66616661661116111)16161166166611111161616111666 6) ἕζέἶυῗ 64195911 Of‘ggfi 62.

111 116, 1 111 616 1616 616116 (16166661. 18. Ν11 6)(161116111655. d'un 6616116616 61. e.

ne²¹) 16616 (16 moy, maie ie la 111666 (1611) moy· 1111111148· (11111 55.

Q—l’ay puieeanee de 16 1616661, 61 61 ay 6116- ξίζ ‘c'feffinssnqgff 1. furent ¹³⁸ ³⁰⁰³ ‘³⁶ ¹⁸ Β· ⁴⁸·

1)16611155. 6611161. 6. 16666111161148.
⁴) 11616 55. ² 81) 6166616 55. 61. 6.
· 1166116 . . 1 16611-1·
7)1611 nom 54. 59. 61. 11) 6611 661611 616 55.
⁸) met 55. ⁸⁸) (1661155.
1) 166111 55. , ³⁶) 661166 611 6611 55.
¹⁰) 166166 omia 54. 59. 61. ⁴ : 17) me 166 1 55. 61. 1.
11) iesus 1611 (111 66 pr. 54. 59. 66616611161116) :pay 6 p. 611166 puisse 55.
ὁδ’ 611) iiiia e’eetoit 66 q. 55. i *1)16661116616 55.
13)Ι. (16161661 (111 (16166661 55. ⁴¹) (16166661 54. 66.
¹⁴) 611111 6111 p 61 155. 1611 autaut 6111 y en eet ⁴¹) dit 55.
16111 ξῦὶὲῃ.αὶ)ὸῃ.ᾱ.816ο6 1161618661 116. 62. 36 {app 16611 gg. 515.
. , 1 .
11) (16161666 61. 1. 11) 6166666666 55.
11) 111-16 61. s. 11) (16 666 6611166 48.
11) 16 66 661616 1111611611 55. 41) 616 11 ayee 16116 55.
¹⁹) 11 y 111661. a. ⁴⁸) 61 (16 66 616 55.
²⁰) le 61. e. ⁴⁹) combien que tu 6616 6. 18. 55. 661166 qu’eetant 6.
11) 16 116 16616 61. e. 1 61. 1.

21) (1661161. 1. ¹ ⁵⁰) 1611661616 1155. 11 16 lale D. 61. e.

 

