010 ’ 1010. 114

11001010 0100 1000. 011) 001010000110 0100 10)1 (100 entre 1000 (10 00 000100 (111, 00 00111, 011000
&celuy 001010 envoy& 01 00100001) (10 1000 00 00 00 101101 0100, 01-(101001101 00 00111, 01 1000
0011000οἀ01 00 vas-tu? 6.Μοἱο pourtant’) 000 00 101100. 20. En 101110, 00 101110 10 1000 dy
10 1000 ay (1110000110οο0, 11101000000001011) 100110 0001000 010010100, 01 000110011) 01 10 monde 0100-
000οτ. ’1.110010010101010000010101110,111000 100010. Vous 0010011) 0001110100, 0010100110 1110100οο
001 expedient 000 10 ιο’00 1000011) 001 0110 00 0010 000101110 00 1000. 21. Quand 10 10000 00-
0’00· 100, 10 0000010100 00 11001110 0010111000, 10010, 0110 0 111010000111) 0001100111) 000 000 heure
0101 10 0100100, 10101000001000100. 8. Et 00110000. 111010 00100 0010110 0 0010111011) 00 00-
000011 000100 1111) 0010 1000, 11 1001000011) 10 1001, 11 00 luy 00011001 0100 (10 101001001,11) 0001
mondo, (10 000110, 1101001100, ,01 10000001. 9. De 10 ioye 000110 0 qu’une 01001010 11000100 001060
000110, (10-10, 000100 001110 00 0100001 00101 00 moy. 00 00010. 22. 1100010000οο0 010111) 0010100001
10. 1101001100, 000100 000 10 0100 100100οΡ010 111010000, 0010 10 1000101100 (10100101, 01 100110
01 00 00 101100 0100. 11. 110 10000001, 000100 00001000100010, 010010000 00 1000 001010 100110
00010 011000 de 00 00000001 101000. 121011) 1000. 23. Et 00 00100111) 11, 1000 00 010101·
3111110111ίὲ100ῗὲ 110ιο1111111θέξὲ okigsefflaffgzsaffl ἓὲευθιζῗιξ,101160οἡ11100011111ἑί(ῖόξέ 111116011111οῦ1
0001 1100111 11 (10 101110 00101000, 111000 00001011) 00011) Ρο10 00 000 Νο01, 1111) 100 1000 (1000010.
00 10010 101110. 00111 00 0011010 00011011)οο0· 21100001 present vous n'avez 1100 (10000110 00
00000, 0010 (111011) Ι100100 100 011000000111 0010 000 Νο01110000000,0110001’00100,11) 1110 000
11111110111111111111111111 1111111111 111111111111111·111111111111111111
0100, 01 101000 000000010. 15. 10010011) 0110000 00010 0000110100010011000 00 010101100οτ 001011)
1111111111111111111111111111 1111 111111111111111111111111111111111·
1000 annonem} 16. ¹Un 01111111) 01 1000 00 00 11110 00100010 000000 10 0110100 00011) Ρο10
10110011) 00101, 01 1101001101 00 00111, 01 1000 00 pour vous. 21001 1011) Pero 000001000 aymo,
101100, 001 10 01001001 000 Pero. 17. 1100100- 000100 0001000 010100 aymo. et 0100 0100, 000
000011) (10000 (1100101οο (111001 00110 0010 Qu'est 100010100011011100. 28.Ιο 001010000011)Ρο10,
0011) 0011 0000 (111, 00 00111, 011000 00 00101100 0100101000 00οο01101 (101001011011010100010000110,
00101, 01 1101001101 00 00111, 01 1000 00 1011001 01 100 0011) Ρο10. 29. Sea 1110010100 1ογ (1100011
00111) 10 0’00 1ογ 1000 Pero? 18. 111 (11000001 110100, 001010000110 001100 010110000111) 01 00 (110
done: Qu’ost 00 00111 dit, 00 petit? 11οο0000010οο 001 0101011011) 30. 11010100οη1 0000 00100011)
30000011) 1100110. 19111 10000 00000011) 001110 000 10 0010 100100 0110000, 01 0100 11000100 0000000
1010010000110101100001, 01 1001 dit: Vous deman· t’interrogue. Ρο1 0010 0000 0100000 000 10 001000
Ἧδι, a. (10 11100. 31. 10000 1001 respondit: Vous oroyez⁶⁴)

ζ) 000οἓ15 (10 vous qui 55. 0010100001. 32. Voioy‚ l'heure 11001, 01 001 10
01110111· 0111101· ⁸·
111111110111110110510 55. 0001010010 61. s. Ι 1110111οξ11111. 0.
11) i’ay encore 1 1000 d. beaucoup (10, ch. 55. 1001 vous 11) 1011 00 00111 0. 61. 0. ⁰
11110 61. 0. Ι 11)(10100001000 61. 1. 0110 0’0 0100 0001000000 (101011110-
111 100011105 ’011111 gun, 000010111Ἐ. 55. 000100-1100101000, “ ιι0111111000 55. 61.
c'est 1 (100 010. 61. 0. 11) 00010 heure 55. ι
11) condam 61. s. Ι 21) 0οἑῗ10810000001010110001100 55.
⁰ 11) 1801110111)οᾶ 6010 111. 0. 1 2)) 01100 0. 1000 (1000010 1001 00 000 lug (100. 55.
{ff} 111ιῖ11151 110011. 1 100100. 31 1111111111 11 011111110111Μ l' ⁸‘
1111οῗιὲ1110011151 1001 00 00110 0000010 0010100 61. 0. 111 111108 «1115.

⁴⁷)

1

32) 9⁰¹1? 0⁰ &54 1101111111 δὲθδ· ι «a 001ὲο1101010000101100001 61. 0.(0100 0101061).
. 2} {ffycgffinc gereoni) ,00 ) ζ) ἐιὲζῃῦἶὸἔοιὲεὸ affine 48.
1110111155· 61· ο 11) m’en 10)·10001159. 100 1 0. 0. 55.
²⁹) 1113111115· etf 61· ⁸· 2 11) 0010110οο111 61. 0.
11) 00 (11161. 0. 111000οοιο00ηο 55.

³¹) 01010 55. 0001οο001161. 000001000101010 61. 11) croyon-vous 55. 61. s.v
0010101 opera. Vol. LVII. 18

 

