L’EPISTRE DE S. IAQUES.

-———-——..

01661166 Ι. · 12. Bienheureux 661 l’hommo qui 666666 1661611666
1. 166666 666611666 66 Dieu 61 66 seigneur 66666666116666 6616 66666666, 11666666616666·
16666 Christ aux 66666 1166666 661 66166 666666661) 1011110 110 111 (1110 111111 1 11101111 1 001111 11111 1111111111·

salut. 2. Mes freres 6666166 661661) 16616 1666, 135 11111111 11161111 111 111116, (11111101111110101 1⁰
quand 61666661) 66 61666666 1661611666, 3. 6661666 11111 111110 (11 111111· 011 1011111011) 111111 110 111111
666166661611661)66666166116666666666661166666 11111 111111 de maux, 11118111) no 111116 11 point

. 4. 6616 11 1661666 16 patience ayt 666666 66616116,1 11101111· 14· 11111 1111 11111011 111 111111 (1111110 11111

6116666 66 66 66616116 61 6611666, 66 6616111666 66 111110 11 11110111 1111 11 11101110 00101111011100·
666665) 5, ἑῃθ gi moun (161) vous 6 faute do 66. 15. puis apres (11161111 18 θθῦθῦρ1ὓθθῦὓθ 8 oonoeu,
616666, qu'il 16 66666666 111166 1666611) donne) 6116 6616616 666166, 61 16 666166 661661 6666616666
1666 6666666611) 61 66 16 66666616 point: 616116 1118111010 111011· 101101 1101 01011111101611110111
1666666166666 6, mais qu’il 16166661666 Foy 616666 point: 17. ’116616 16666 66661166 61 1661 666
66 (16661666 6611666666) (166 qui 6166616, 11 661 6661611 661 66616661, 6666666661. 66 Ρ666 66616·
semblable 66 1161 66 16 mer, qni 661 6616666 66 naiores, 1111111 11111111 ¹¹²5 1 1101111 1011111101111
6661616616666 6661666166611610) 7. 06666661 ne¹⁹) 101111111811011111111111) 1110111111111101011
homme 16 66 6666611) 66161 qu'il 666666611) aucune propre vouloir 6666 6 66666666 666 16 Ρ666116 66
616661656166666, 6111666666 double (16 eou· 666116, 6116 666 666616661666666161666666166666
666611)66116666666616616666666666666, 9, (666 666 666616666. 19. Par 61661, mes 61666 166666, 1661
161666666166166 16666 666611166 66 61661116 66 66 1101111111 1011 11111111 01111, 1110111 1111111. 11 1111111
hamam, 10, Au contraire, ooluy qui 661 616166, 1110611061. 20. 081· 1θ courroux (16 l'homme n’w·
qu'il 66 61661116 66 66 6611166666 666 11 6666666 1011111101111111111110101111111· 21·Ρ111(111011111116”)
mmm), 16 fleur 6161166616, 11, (1661656161114)666 661611666 16616 66666611) 61 61666666611) 66 6661166,
1666 6666 666666, 61116616 6616616166, 616611666 1111111 111 1101100111· 11 1110111 1111111111 111 10111611·
6616116616, 61 66 16116 666666666 661 66616, 61661 (1111110 111111 1111101 101 1111111· 22· M³¹⁸²⁶) 10101
66661 11666166 16 616166 66 16616611) 666 66666, 16166666 66 16 Ρ666116, 61666 seulement 6666616666,
66 6666 66666666 6666666666. 23. 066 61 6666611)

2) 0⁸me⁸ 43¹ ,a oyt 16 Ρ666116 61 66 16 met 6616166 effect: 66616611)

²) 666 666154. 19. 16666 pour 666 66616116 61. 66.
1166616666411 6666 eh. 54. 66.

1)1’66666666 621. 63. 11) comme 66616 61. 66.

1) 66 66616 666 6166 66 6666 66161116 62 ·. 63. ¹⁷) 6166 16616 66666666 61. 66.
1) 66616666 666166 61. 66. 11) murmuration 59.

1) 661 16 61. 66. , ¹⁰) 66 61. 60. 61. 62.

111611166618661 ot 6666666 61. 66. 11) {llesscfflgemont 61⁸ ’θ’

¹¹ s’attende 54. 59. 61. 66. 11) 6666 omia 57. 60. 66.
11 66 6666661617. 61166. 11) 6116616 61. 66.

1116666161· ⁸³- , 6166666666 66·ι 66.
11666661 n’ost 666 plustost 1666 666 116616 6611666166 116161. 66.
)

11. 66. 11)(66616666 62²⁸. 63. Ι
11 16616666166112. 666616616666666116661666662’. 63. 11)11 61. 66.

 

