101 - 0011110 1011 00011001. 110 ,

00011) 0010100101. 14. 0111011000 reule 01111100 00111100000000, 01 10 1011)1001110.11) 31. c’eet
11100001010 1 0010010110 0001 0100011000111100. 01000-10111110 10 01011 00 1011001011100111001.
15. 1111011) 10101 10 00100110011110 0001 1001001000, 32. 110101101 00 100010110 100 10010 010001000, 0000010
0111111) 0 0101111 16. 00010010000110100111) que 100011) 10101 0110 1110011000, 1100 00001000 01101
10 100110110 00100 000 10010, 1111080100001,11) 0010101111111011001, 33. 00 001110 0000111) 0100
1000110111) 1000 11010 00 100100001, 01 101 01011100 0010 0111 00 10000110 1 1000 001 000101100 01 11110-
00 10010 00100100001, 11. 01 010110 0101 000· 1111001, 01 1101100011 quand 1100 0010 11110 0001·
10011000101001000010001101001101. 18. 011101 0000001100001 001000101100111) 01001. 34. 001
01111) 10011001οο 10 000 010101, 11 010 0 0100 11111· 00001 1000 01000010 1011111)00111010100 10 1110101100
1100 000110 00010. 19. Veu 1000, 110101, que noue 10 1000 11000, 01110010000 00 100010111110001001
0100011101101001101001 lieux 0110011 001101000 10 1οο 11000, 00000100001 00 1001010110οο que 1000
1010001, 20. 001 11 100011) laquelle il 0000 1 1100000 0101110010 (11010000 0101001 01 001100·
101100 0011110011) 01 1110010, 00110 1011000011 00010. 35101010110111) 001011000100110000111000,
dire 0111001011, 21. 0100111000 00 0100100· 1010001101010010100100111100. 36. 00111) 1000
0111001001 00011010 0011110111οο 1011100, 22. 011000 1100 1000100 10 00110000, 0110 00100000 ’1011 11
0100 1100 00001 00 001111010 10 1100, 00000 100 volente de Dieu, 1000 0110010011) 10 010010010.
00001100100111)101000101000000010000, 0110110111) 37. (101 000010 00 1100 00011) 10 10ωο0, 10011)
10 00101 1010 11010 00110, 23100000110001010100 que 00100 01 1011 10011 1100111 01 00 1111010
(10 001110 000010000 0100 111101. (10100100001110 00101. 38. 111) 101001011111 1011100, 0111) e'il
0100111001 fidele. 24. Ε1000000111) l’un 10100110, 00 000111οἰ1 1100 010110 00101 1 0100 001011)
010 10 0000 1001101 10101110 01 1 100000 0001100, 39. 0111) 0000 00 10011000 00101 0001 0000 0001·
25. 00 1010100000 00101 000110 0000101100 (0001010 111110 1 perdition: 0101111) 0001 00011010 1100 000111)
000001 001 10 000010100) 0101111) 010000011000 1100 100001011100 10 l'eme.

l'entre: 0100 11101001 0100 que 1000 10000 101001 ,

000100101. 26. 001 ei 0000 0001000101001011010001 clepere XI·

00100 01011 10000 10 00000100οο0 10 verite. il 00 ’ 1. 01 11 11100 001 10 1001000011) 101 010100
10010 010011) 10 110111100 0001 100 000101, 27. meis qu'on 000010, 010011110011001)101010100, qu’on 00
000 1110010 10111110 10100010001, 01 000 10100110 1011 00101. 2. Ger 01101101) 1001001000001011000
100001 devorem 100 011010οἱ100. 28. si 00001111) 10100100100. 3. 1111000 0000 001001000 que 100
011) 1000011οό 11 Ι100 10 Moyse, 11 100011 1000 011- 0100100 001 erle 01100001 001 le 0010110 10 Ι)100,
„rimmo auom, ,0122 doux ou troi„ tegmoingz: pour 00110 11110 0011010001) 100100010οο01 101010000
29. 00101100 0110010010100111)001101-1000000101- 1011011100. 4Ρο1 000 Abel 1 0110110100 010011)

0011111111) 00100 001 010111111) 10 11111 10 Ι)100 1001 10011100 1 Ι)100 00000101 011 laquelle 111011000 ,

100 01010, 01 001111) 10 1100 10 1001100001) 0001 1000101000οο 1101110 10010, 1101001000111001001011
011010 10 00110 011001010, 001 lequel 11110110010 1000101000οο 10 000 1000. Er luy 001001 01011,
00001110 01 0011 1111 101010 1 1Ἐο0111 10 grece? 00110 000010 001 100110. 5. Ρο1 1100 1100011 0 0110

30. 001000000000110000 00100 qui 1 dit: A 0100

0
...-„„- 22} 11011111 10 Seigneur. 01 deterret 10 seigneur 10000
311111011111111 ⁸⁰¹¹ 1111111110 0 .. ’
ζ) 10100οο1011 111 00 01001101 lieu 61. 00. 3)(001111100000111626111 t ι ⁸ ι 62. 63
. ‚l 1111, ..1 :l 1111111.. 5 .....,.. m... ··
0111111111 , 011111.οῑοῗ11οω
¹¹) le chemin lequel 61. ee. 11) 00100001110161. ee. ·
ἓ) 1010111110115016001ἰῙιιίε 61. ee. ζ) aoglggtrmslll. 59. 100110110ου 61. ee.
11) 00000 omre 61. ee. , 11) 01 61. ο00.
11)10000001010000000100111011014-00. 0100000 00110 11)1001111000100’0061.10. ..
l'un 1 61., ee. ἒξ) 1000 0501108010 prendre 01. 0101111 1 100 51. 60. ee.
11 1111111011 01110 101000 46. 1110111111-12.. 011 10 0000011011οο 621. 63.
11) 0001010061. 00. ’
11) 11011 . . 1000101154. 59. 61. ee. ¹) une eubeietence 61. 00.
11111111111011011111·11· 1111101011111.
01 1110 11110 111 01011. eo. eura 00 01. e. 1 certarnen om'e 54. 59. 01. ee.
11) 0011011 0101000 51. 60. 01 1000 0001 chore 0101000 61. ee. 1) excellent 54. ee.

 

