109 110110. 110

0000 001000000011 0000 0000 000000 000100 00000 0000 001 10 00101 Et Ρ10000 000000001100 dit:
0000010111) 18. 000011) 0000 000 0000, 01 0100 ’1000 1001001010 30. 115 il leur 10100011 00100110·
00000 001011 01000011) 0000 000 00011100, 01000 0000111) 001110 00 0100001 0010 00 00011) 0 0000000.
0000 001011 10111 00 0000 00001001 11 00011) 31. 11111) 100 0000000000 011 000010000001111011011
quand 10 00000011) 100 0100 paine 0 0100 mille 0001011110 0011100000ωο ’11000000 0001000011)
hommes. 00001100 0000 1000010011) d'o 0001000 010100 0100111010000000011) 00011) Ρο001000 0111) 80001-
00 0011010111) 1101000100010110000. 20. Et quand 00010000010008001100, 0100111010010000001, 01
100 00000011) 81600 0001 010) 000100 millo, 0000110700 000000011001 goin 10000 00000, 32, 01 010011 0010
11081100.011010190100οΜ110111111111911810001 (11111θή0000ἓ 1010000οθ0010ρο1011110111)ᾓὲ3Ῐο0110οΡ0011)0101000100τί
00001 0001000οο 0000 001011 221101011010100 0001 01 00000111) 000 01000100, 1111) 10000 Ρ10000, ·
Βο1100100, 01 00 10 00000011) 00 0000010, 0110 disant: Va 0001000 (10 0000801001 00010 010010000
3000, 00 00111 10100010. 23. Lora 11 print 10 00010 00101 100 choses 001 0001 00 Dion, 00010 001100 001
011111111111111..1101111111 11101101111031011110 1111111111
01 1101000000 011 00011 quelque 010000. 24. Et 00010 00000 moy, 00111 000000011) 000 0000000, 01
1110000000 10000111) 10 0000 011011) ll 000 semble 000 0001011) 00 00010 01 000 0000οε 31. 000 00111
1001000000οο 000 10 000 00000100, 0001000000000- 000000 000000 00 01011) 11 10 00000οι 01 00111
1000. 21. 11011) 00000 mit 00000101100000100 000 perdta 00 010 000011) moy 01 0000 11000001101111
000 0400011) 01110 0108001011) 0111.) 101 00011100ὂ 01 10· 00000000 36. 000 000 0001111000 11 0 1100000000
1111111111,111111...1.11. 01 :5¹ 5121). 111.1111110111111111111
lnge, 01 00 10 010 10 0 0000000111) 21. Et 10000 01 1110000000 0000 000 ame? 38. (100 00111) 0000 00
000 0100010011) 001000001 00 01110000 00 0000000111) 100010 00 moy 0100 mos 00001100 00 00010 000000-
00 Philippo: 01 1010000000υο 10 0100010 000 01001· 1100 00011000 01 0001000000, 100110 0011οο00000 0000
0100, 1000 disant: Les hommes 000 010001-110 00111) 0000110010 00 100, 0000011 010000011) 0010 010100
10 00101 28. Et 11010011)0000000100010 10100οΒ00- 00 000 Ρο00 0000 100 0010010 Auges. 3911) 111000
tiata, 01 100 001000, Ε110,01100 001000, 00 000 Pro· 51:⁸⁶) 00001 10 0000 00 00 000110, qu’il 00 0 0 au·
phetes. 29. 11111) 111000 (1110010000, 00011) dites 0000 00 0000 001 0001100 0000000, qui 00 000010-

¹⁷) 0010οῐοί 61. 0. ⁸ μ’

111 0οᾓ οΞ1001011101]0110ογ0.οω0.βοοωἰο1.6111.8’0. 11 qul . . . 000 61. 0.

11 00000000-00000000161. 5. 11 0000 0000000 61. 0.

11 0111011000 61. 0. 11)10061. 0.

11 00000010100-0000 61. 0. 11)010001114.15.19. 0100 0010101. 0.
11 0000010061. 5. 11)100 14 55.

⁸⁴ 100 0101011οέ 61. 0. ’ 11) 00 010000 0011061. 5.

11 000 . . . . 10000061. 5. ⁸³) 0010110 61. 0.

³⁶ 0000 0000 00000101 61. 0. 11) 000 0001000 0148. 61. 0.

11) 00 0000100 141169. 00 000100 000 010000 00 pain 11) 000 principatu 54. 55.

. αἱ.) donc 54 55 dont 59 εἰ m 0601 00000000000100000161. 5.
11 00000010 . . . . 0010. ...10001001 61. 0. 11) 00010 100 00 61. 5. - 00010 00 0010000001 14. 59
11 0000100001061. 0. 00010 000 48. 00010 00 10000001 11.

11) 00001 1000 61. 0. 11) 000000ιο1 64. 55.
⁴²) 15 000 0001000000, 000 10 100 00000000 maschot 000000 ⁷⁰) 11001061. 5.
01 0001000οι (100 001000 61. 0. 11)0000114.65.59. 0010 61. 5.
⁴ 010 00000 il 61. 5. 11) 0 64. 00.
11 00 0. 0100100 61. 5. 11) 010000 sur 000 61. 5. 10 croix 62.

61

)
⁴} 100 101110000 10 0000 61. 0. ⁷¹) 000000000 14. 55.

5
1
55
Ἰ) 01000 00010 61. 0.

1161. 0. 11 000 00001061. 5. (00001010).
⁷⁰ 00010 0010000οο 61. 0.

1,)0106101061. 0. ἔξ) 1000011 ι1800501000 00 moy 01 00 l’E. 61. 5.

. ,3, , .
{ff} 11011100110110 00000 aux 51. 5. 111101016010304. 55. 55. 1550 000 61. ι. .
11) 01010 61. 5. . 101000 0000000110 00 000. 00 61. 0.
11) 00111. - 001 010001100 h. 61. 5. 1000100000061. 5.
11) 000 61. 5. ⁸³) 0000 0000 61. 0.
11) luy 00000 61. 0. “ 11) 1 0000. IX. 1. 54. 59. 61. 62.
11) 00000 61. 0. Α 11) 010011 14. 00. (010011 aussi: 61. 5.).

 

