000 . , que. 010

00 00 1000 00 0100 0000000011) 000 10 10’00 000 0 00000, 000 000 0001010 10 monde 10 00000. 110011)
010011) 11000. 13. Et quelque 01100011) 000 0000 000000 00000 00 0010 00100 00001110, 00 0100011) 00100
demendum 00 0100 Nom, 1010100000 0 010 000 00 0001000. 2611000 0000000 00010 0000 00 0100
· 10 Ρο00 0010 01001110 0001011)11110. 14. 810000 10000 00 01000 0 000008100υο 00000100,οουο
0001100000 quelque 011000 00 0100 1110001010 10000. 000100 000000 100000, 000100 0100 10 000 0 000011)
16. 81 0000 01100000, 000000, 0100 000101000001000. 11000. Cer 010011) Ρο00 000 0100 grand 0001000.
16.Εο 1000100110 010011) Ρο00, 0011 0000 0000000 29. Et 0010000000 10 0000 1100 010, 00000011) 00111
00 00000 0000010οο00, 0000 001000000 0000 0000 0001000011) 0 010 000 00000 11 00010000011) 0000
00000011001000,11) 11. 0 000010 11100010 00 000100, 1011) 000000. 30. 10 00 00010000 0100 geere 0000
00010 010000 00 0000 00000010, 0000000011) qu'il 0000, 000 10 001000 00 ee 100000 vient, 00 010 0100
ne 10 0010, 00 0111) 00 10 0000010. 10010 000010 000100. 31.Μο1011)0110 00010010000000001000
00000100000 000 11 domeure 0000 0000 00 000000 000 1100010 000011) 0000, 00 100 01001 001001011)
0000. 18. 10 00 vous 0010100000011) 00100 0001101100, (00011) Ρο00 (0100000010000. bevez 0000, 0000000
10 0100000011) 0 0000. 19. 1100000 00 00010, 0010 000011) 0100.
monde 00 010 00000 01000 meis 0000 000 000000.

Ρο00000011)00010000000001000000001. 20.Εο l· Io wis lavgh‘ffiit‘q XV· P Ι
001000 10, 0000 0000000000 000 10 0010 00 0100 . 5 111311011111111 1111111 1

Pero: 00 0000 00 0100, 00100000 0000. 21. Qui' 1111111111. 111 111191 111111) 1111 11111 111 111111 ¹¹⁰.
0 0100 000001000001000, 00 100 garde, e’eet 00100 001 1111111 11111111 111 munst) 11 11111115) 111111 111111 11111
meam Et qui m’uyme ss sm aym de mon 00000 10010, 0110 011111 00000 01001) 0010010. 31))1000
ΡΜ 01³⁸) mmmm (η’ me manifestemyu) en uetes 10 netz. 000010 0000110 000 10 0000 00 010.

quw) 22· ludas (non pua.) lemtim) luy dit: 4. 1100100000 00 moy, 00 01οο 00 0000. (1001000101)

seignour, doum) vient 06⁴⁰) que m te mani, 000 00 0000 00 10000001001) 000000 10010, 0111 00 00-

1000000011) 0 0000, 00 000000 00 monde? 23. 10000

respondit. 00 100 (1100 8100000 01100100110000000 V⁰⁰⁸²¹¹) 11 111111 111 1111101111 ⁰¹¹ 11101· 5·10⁸¹Ji⁸

010 Ρο00110, 00 010οΡ000 10001000, 00 0000 0100· 111”) 116111· 1111111111) 11111 1610060011) Qui de·
0⁴² luy· 000000 00 0100, 00 moyen luy, 1111)000000100011

&uzeia 01117011100016113811ἀ11ῗοἓο1101116001111 10Ξο Pu· ‘¹⁰ 1111110 11111 111111 1111111 11111 111 110111 11θῦ faire-¹⁷

001100. Εο 10 11000110, 000 0000 0000, 01000 000 ἓ·81,11111111111111111111111111 11111( 1111111110116116·
0010000, 01010 00 010011) Ρο00 001 10’0 000000. 1111 11111111111111111111(111111111111111111111111

26. 10 0000 00 010 000 0110000 0001000000 0000 0000. 4, .

2611011010 (100001000υο 001 000 10 001000 1100010, „3 ,(128εὲ01111ἓο1ὲο ζώω 61· 3·
000 010011) Pure 00000000 00 0100 Nom, 0000 en· 0 0) eu 61. e.

00100000 000000 0110000, 00 0000 0000000 00 0100001οο , 1110100115·

000000 100 0110000 000 10 0000 00 0100 21100000) 22) 1111111111· 1· .
101000 0010, 10 0000 00000 010 0010. 1011) 10 0000 1 ..ζ ῗξηοωῗξῗ ⁸65. 11111111 ⁶¹· ⁸·

⁶⁴) c’eet 61. 0.

010000 00 10 0100011) 001001061000000 00001 0010000·

⁵⁵) que 61.

π . ⁵⁰) 0000 omis 64. 66. 61. 0.
000000000-01 61. 0.

1

:33303161’1 ⁴ 00 00ίῦἑο01000 00 10 0. 64. 10 0000 000 61. 0.
n) 9„ ⁸011 ⁵5: 0) 0000 10 11010 00 000 60 tout le surmont 61. 0.
1000000οω 55, · ) ⁴) 10010 00 010064. 1. 0.
’0111111151 Μ ⁰⁰ ‘⁵¹' ⁸' · ss' θῗω1111011101110001 00.

2) mgyeglz. ) 1) 110155..

11)(100 66. 0000 0000 61. 0. Ι 1)101)010000.60 10 00001000 61. 0.
31 1001111011 )
³⁸) ie 100 0001000000 61. 0. (10 00100 62). Ι
3) 0 000 453. 69. 00. (0001000010 010046. 66. 0001001οἑ10 00 10 0. 64. 10 000 61. 0.

00) 3100115069. 002, ¹⁴) 10 11010 du 000. 64. 100 0110010000 61. 0.
:P 30011ἐέ00, 60, 3 ’ 11) 1101101οῗ001 1648· 66. 61. 0. ¹
⁴¹ 01100 61. 0. ’ 1) faire 00100611. ·

0) pom 55, ⁸) 00000 1l 000011000 10000 66.

u) du 61, 0, 1)11οο061.0.

1) 00 000 66. 61·
¹⁰) 001 000 64. 61. 0.
¹¹) 00 1000 00001 00111111. 61. 1.

Ι l
Ι 1
11111 ⁶¹· ⁸· 0 ζῗ)0000’11000066. 00 ee 0010110 61. 0.

⁴⁶) 00 00 100000 00000 00100 comme 61· 0· ) 1⁰³⁸ ⁶¹· 1·

 

