159 LUO. 160

11111111) toute 11 0011 10 0111100 versDien. 13. Et 011001 0100 01 1001. 011 1110011) 10 semblable
01100 11 Ι111 1011, 111001111 111 disoiples: et en 1111100111 1111100001 101 1101 Ρ10001111. 21. 11111
11101 donne. lesqueln il 0000111 10011101, 14.A 110100100101101110010010001110100110111
111011 810001100οΙ 1111) 00001 10111, 1111011100 faites 0110 10101 0011001 01111101. 28. Βο011101
11010, 110001 1110010, Ρο111001 11 Β1110010010,11) 0101 001 1001 0110011101. Et 01101 pour oenx 001
15. Μ1110110 11 Thomas, 110011 1111 01010010 01 10010010000111) 29. Et doelny 001 10 111001
Simon, 001 01110011112110101, 16. Et 10011 11111 10 0001000, 0111111ογ 10111 11101101 01 01 110110
00 110011, 01 10011 Isosriot, 01111) 101 11111111. ton 0101110, 001000010οο0010101010001010011
17. 10111) descendant 1100 00011) 1111111100 1110 101100. 30. Β11110 11001 00001 001 1000011000.
001000111111) 0111) 11 000010οἱ0 00 101 011010111 01 Et 1 0011 001 t'oste 11111) 000111 001 1001 1100011.
grande 0011110οο 00 000010 01 10011 1101111οο 011011 001001 00101. 31. Et 00001 1001 toules
10111100, 11 01 00111 01 11 011 0100011011) 01 001 111 000011 1001 110101, initos leur 11111 semble·
1111111000, 18.1110011111101001100010011 0100001. 32.11111)1110001000101010011001

, 11010001 pour 01110 guerin 0011011 01110101, 01 100001, 0101 gre 1001 10 11111 001 011 111

01011 011 01100101 101000101 0110101111 1000001011) 0000001111) syment 10111 oenx 001 111 100101.
0111) 1110110110001111. 19. Et 1001011001111101 33. Et 11 1001 111111 bien teeux 0111001 1001
11100011 1 10 10000011 011 111101011011 00 luy, 01 0110, 0001 0101001οο 11011 on? 011111 01000111
1110010010111001. 20.11110011)011011011010001 11 1001 10111. 34. tto 11 1011 0111111 10101 01
1111101011010111,11)011011;Β1000111001 11111101111) 001 1001 0100111 11 10001011, 0011 gre 1011 00
¹govres, 01111 10011000 00 Disu 011 101111. 21. Β100- 11011 on? 011 101Ι 0100001111) prestent 10111 101
001001 111111011 00101100110111011110,011 00001011, 1 fin 00111 00 100001οη1 10 01111111.
1011 10101 11110101. Bienbeureux 0111110110οἰ 35. Μ11111) symon 101 000101011) 111111 bien 01
0101101 maimonem, 011 1001 rit-ez. 22. Β100- 0111111 110100 01001110101111011111111111100,
00010010111110010110011110001110010101001, grand, 11 11111 1111 00 8001000111) 011 11 111
01 1001 110111100011) 01 1001 011001 01010011) 000100 001011 111 ingnote 010101111. 36. Soyss
0111101111001 101110 000 00001 0101111, is l’oo· dono 0000001010οι, 00000 10111 101111 11011011
011100 01 11111 00 100000. 23. 0110101111 1001 0110000101001. 37. Ne ingen point, et 1001 01
00 01 1011 11, 11 seyen 10 110110111) 011 voioy, 11111 00101 ingen. Ne oondsmnen point, et 1001

101111 1111111 10101100 0101011. 0111101100101 011111100101000010001. Ρ11000011,11)11011000

faisoyent 11 1000 101111) eux Prophetes. 1110 1001 destitit. 38. 1100001, 01 11 1001 sere 00006.
0001011011) 0110101 1011001 niobes, 00111) 110111) 0011) 0000111 10 1011101010 00000011000101111
10111100010111100. 20111110011101101100111111 0100101160, 010101 qu’il 101 00001110011111) 011
1100101111) 0111001 10111 1110. 111100011011001 de 1100101 001011 001 1001 00100111) 11 1001
0011111 0110101111101110011101011101,110101- sert 00101011) 39. mu) 1101011101 similitude:
11101. 11111ιο10101001001110011100001 Et il possible qu’un avougto 001110 monor 00
-., - 010ῐο01οξ 11413ιί0οἔ01111) ile tpoint lom 013110

s 0111 . 0 10101011 0010 011 ossus

3103016131· 11111111111· 1· 100 maistre: 0111 001000 sero 111111) 1101011011 1

2: 0101161. 1.

Μ ⁴⁰) 1101ὲ1118001 11101 51. 55. 59. leurs 0011 leit de mss·

11) 1 ostis 59.
³2 . . 3} 1οὲᾞῖοιοῗ 061101.
³⁴) de 11 0001110 01111100 61. 1. 010001100 1111. 59. ⁶⁸) 01161· ⁸·
11) monitis 1101111 48. 11) 011-1111011 02. (v. 31).
f.. 0111111111·
1111000010 61. 1. 11111 61. 1.
³⁸) 0 11. o. 0) trop 101 tt. s. .
⁴⁰) 1001 estes 00 1001 0. 51 se. (1101 111111 0011010111). 11) 0011101 11 11 1001 sors 00111 61. t.
⁴¹) deobssseront 54. 50. 59. 1111111001 61. 1. 11) 10010. 00 1110 761. 1.
01011001001611101. s. :sslffiefflelolntfffsl‘dmffl' ⁸'
⁴⁴) 01001001 gl. 1. ⁸³) 00 1001 00101011010111 port 61. t.
11101061. s. 11) 011111110οο1 . . . . 01101154. 11.
:ll 11190001ι18111501.8 as. 111 {wollt 011011 0000148. ,01111101 somme 51. 50.
11)1000111 61. 1. 1001 01111010 sors 10000 conforme 61. 1. >

 

